Set used: 1

Position (m)                            Time (s)
--------------------------------------------------------
0                                             0
0.0034244985                           0.1001
0.0176697224                           0.2001
0.0278284810                           0.3001
0.0150369136                           0.4001
-0.0123886103                          0.5001
-0.0252417866                          0.6001
-0.0105204545                          0.7001
0.0110958004                           0.8001
0.0126034692                           0.9001
-0.0042711291                          1.0001
-0.0132652754                          1.1001
-0.0007319898                          1.2001
0.0155491335                           1.3001
0.0116624553                           1.4001
-0.0084770285                          1.5001
-0.0180006176                          1.6001
-0.0039912947                          1.7001
0.0145737706                           1.8001
0.0127222221                           1.9001
-0.0064080171                          2.0001
-0.0160690341                          2.1001
-0.0028808864                          2.2001
0.0146927573                           2.3001
0.0120668160                           2.4001
-0.0073719104                          2.5001
-0.0168724209                          2.6001
-0.0033347805                          2.7001
0.0146482401                           2.8001
0.0123412516                           2.9001
-0.0069707958                          3.0001

